[Sum of converged W (abs values) for the four frequencies, 20 s periods] vs Actual class

[37.048791747726909, 10.377270371292809, 3.3393916026686554, 11.738837632388531] 0
[45.440749232184118, 17.222961665251312, 5.1313215591632879, 11.949717410050182] 0
[37.773361146064872, 11.368927890555462, 11.190678489490635, 8.689967692115637] 0
[41.177680828291201, 12.091712811343937, 13.772441013447157, 9.325757141129003] 0
[32.223506625424633, 17.138400913199462, 22.114192601463181, 10.336561352571373] 0
[27.571845619062252, 16.771334905750678, 7.3074963523718424, 10.125124347551408] 0
[24.297387979358692, 8.3148210898644805, 10.790594591847778, 10.309530550586782] 0
[38.235991061128679, 6.9355678848670284, 14.501488915810285, 14.352906578212533] 0
[20.860169439125674, 2.6936933893624562, 9.3907768860473588, 7.1801522592123668] 0
[25.170319969682534, 7.9385585807864771, 8.2912371317243512, 5.6031245849268085] 0
[35.989523693211908, 16.320753746989528, 13.530036232407449, 8.1967781258167989] 0
[34.837946498408627, 14.707915023589804, 12.085565431771419, 8.541328435170211] 0
[31.53799436855877, 14.302025713869792, 4.1966195343959836, 12.69129105085465] 0
[31.52829666305016, 15.462043609171458, 9.2727868582629878, 11.949566013164253] 0
[23.712743880521007, 7.4586790684793378, 7.7604470125499638, 8.2252626536453963] 0
[31.593873494383594, 6.7697574927416273, 4.312058450657835, 11.635517853072422] 0
[41.942550026547643, 13.260055762094634, 26.90239007621437, 16.354604420640197] 0
[22.773935830135244, 12.237604261896314, 11.937658268112417, 10.276087781231569] 0
[25.60183113741283, 21.970935188219304, 15.704047999920094, 17.59603994144252] 1
[17.689267459283787, 20.245957498662616, 14.996153396754856, 7.2158716142216734] 1
[6.0814963643241553, 36.684435632773422, 25.995486846755554, 11.561834621213322] 1
[8.4633701445185974, 39.437169633913044, 18.23061907451148, 12.083602159230066] 1
[15.183545902221288, 46.965769088863603, 24.49425368177695, 7.8266993692087521] 1
[11.483667221818486, 41.123196929431266, 9.903432312975383, 10.017524349882803] 1
[16.963150088275441, 26.880956710320188, 19.196692050783735, 4.5631863290115824] 1
[13.791504738504596, 36.532633139969214, 16.047623854949478, 6.4195804271240178] 1
[17.603208977914882, 41.300696476288323, 23.087513133126475, 10.498493313119502] 1
[22.000408515319769, 43.508071320341656, 15.477270784189647, 5.9964539228170093] 1
[19.644981030841006, 32.247859324797986, 17.964087719529918, 9.5900229271109954] 1
[11.582629501219007, 31.922941286026457, 10.217563930512975, 15.125734843668711] 1
[12.129332420754384, 35.621925610539364, 12.361713646725651, 14.020093678527493] 1
[26.900525694547788, 56.912166131530498, 24.27641323853242, 4.4259113230418228] 1
[11.838835743092519, 57.943113078111232, 28.284249041175968, 4.1702963886760589] 1
[9.6395103003971041, 42.102584480281266, 21.500973737528575, 2.882541880007631] 1
[5.4674059397006713, 49.791147530377813, 29.726542533457192, 5.176813387602742] 1
[13.425157548507206, 37.26441762890552, 20.171221394093894, 4.4143327795010299] 1
[19.640457567855798, 56.216806602895744, 20.751725003869598, 22.434397354857307] 1
[5.1238658889794522, 42.837111163854161, 19.976702433741352, 8.2847109790326332] 1
[25.520434875216075, 23.85694380380405, 12.715176360464998, 12.630321297720773] 2
[15.008081857728444, 28.791988858949576, 24.836839411538065, 18.850803107824451] 2
[11.58913542907287, 28.585521907467093, 40.135382522060048, 16.124923563951945] 2
[13.457073307849921, 18.507974174193915, 44.586606400733395, 8.047867826014059] 2
[20.624829284551367, 14.913140922465477, 39.402873244255353, 12.105100908199894] 2
[22.80817548393485, 18.386735131580426, 41.955703097728019, 21.760310053616841] 2
[12.694540766387915, 33.112869190631834, 54.227297167452562, 14.634925132594971] 2
[22.384765267220715, 20.562415900414521, 44.66784452503245, 15.142513538935162] 2
[21.672808761884216, 28.392915980626412, 40.169422291034259, 12.862103527362128] 2
[14.55178955164329, 7.4418104392685791, 28.691782545334409, 3.2660140748932776] 2
[12.990373180550915, 21.147892977853338, 32.065795422094872, 6.719969107593494] 2
[13.419257667029445, 20.075388969122354, 44.147052704015103, 24.636849773519721] 2
[5.1031971899056314, 23.173494214300206, 56.642257105961328, 11.199381051029279] 2
[9.8951124730085311, 18.538020377058288, 37.171849103717605, 11.837865679509346] 2
[8.0527805360273987, 13.883488773819925, 38.212869132962261, 8.8713691136691946] 2
[13.185586885151618, 10.810066548545937, 23.673672145635198, 11.939827771795786] 2
[10.662930873230955, 3.8548389561743082, 23.684000338152821, 5.1937310347433785] 2
[13.757557148623569, 19.348756659732562, 19.273450142771559, 9.9730376012531998] 2
[13.684100525576905, 20.505483915364742, 37.094264176563456, 9.2639474283831742] 2
[5.4097901088178295, 18.036225238396035, 34.752467039193974, 11.468114326768161] 2
[17.883667276819622, 18.245536890508845, 28.406945135434292, 19.159815766783318] 3
[17.255387913460929, 9.9764513111108855, 14.350366086497271, 33.125252073452913] 3
[9.3376901537328365, 13.171361425160171, 12.11332160259267, 25.791913250540688] 3
[10.63285952781775, 15.195003658276503, 17.543819180879371, 24.761909247946889] 3
[8.8938988758358644, 15.7493398664355, 7.7428185386007176, 38.808574338576626] 3
[8.0340161475228324, 5.8201932122790847, 6.5595109785384924, 38.829499865332089] 3
[26.691799783101381, 25.347185607108212, 9.9159808868638475, 44.862507558232252] 3
[15.216700893043917, 7.5537985579894729, 11.136204100122194, 34.449872001346904] 3
[14.966032490134918, 5.4652849112075845, 2.0770816827273122, 31.255131470047505] 3
[9.2994338537214869, 7.3939832796151972, 10.909823343307632, 31.537750365358782] 3
[9.6344964266179254, 11.436300430266972, 8.7866758009901851, 20.05594377853069] 3
[6.8835982043037109, 16.180885899130196, 10.167662484510975, 24.315144828086225] 3
[18.514757453342082, 13.62076121682858, 16.221415114042678, 32.446007684536966] 3
[8.8816667605717718, 8.43926271262964, 11.089413621629035, 39.869924245187249] 3
[7.8936405755973063, 11.639990389931128, 14.923181740750961, 39.328850908355804] 3
[9.7273147348140263, 22.02028966063498, 14.2637555044147, 56.452213682502304] 3
[6.0860127040847134, 4.4665275688012294, 7.1183057637066041, 40.416417849223976] 3
[17.061566367453086, 23.167027444730422, 16.630071979989111, 50.706629164303131] 3
[9.7975853900026841, 22.785927195599349, 17.858515830388548, 42.230176272735356] 3
[9.0556277588001777, 13.625379763733266, 10.914869158358972, 44.014404905256747] 3
[7.6657321918874466, 12.722877785093791, 13.211225701034204, 30.017811493720224] 0
[27.958179140058959, 16.304588189570985, 14.033446672921858, 14.602608234727747] 0
[36.071619692708026, 10.000235136069636, 13.231473564611315, 8.4559822195345973] 0
[36.63801945372245, 8.8869120586078409, 8.0082970105127362, 9.8072635981487739] 0
[44.376599404585249, 21.583467471546964, 10.916109073939033, 17.991431428910232] 0
[28.859481430914897, 3.9172180010005158, 10.292480277369526, 16.685594375878033] 0
[36.520132194776217, 16.993424837423809, 10.725026465068742, 7.2448891571822456] 0
[29.854791179330491, 12.111995797169442, 8.9603010781137389, 12.617405402364785] 0
[22.709969218412905, 6.1444237020137908, 5.1352894539193441, 7.1633016923785604] 0
[34.534236961631983, 14.33824886945896, 13.988430669849022, 18.483693101938734] 0
[26.200288086626816, 18.134316233472184, 10.723428463413734, 13.038337449817451] 0
[23.732494119247825, 6.2596938264482711, 13.202138347818769, 16.081273014613856] 0
[29.886618980469915, 10.678601467489399, 12.678439531639576, 6.210757512889499] 0
[49.061928700488139, 27.655634006427167, 12.945667295946368, 12.253586891716044] 0
[29.497640835436435, 11.016111729008653, 4.0385447169529449, 7.6205521682143713] 0
[32.538323588106493, 8.4102341322172158, 4.9938345288886312, 10.997516501320895] 0
[26.747553902411756, 16.18777579587799, 8.305217617868049, 8.6433166250694242] 0
[19.79108920030006, 15.669283617903931, 13.82670627126204, 6.7755252939668411] 0
[20.086308439039293, 16.785182402139448, 15.178538397979169, 3.9732282026809682] 0
[34.674083579424448, 17.768202486406359, 8.4384272474819415, 4.1671876843331503] 0
[29.753358882546411, 14.878443556122349, 13.647988053263884, 6.7396941639534393] 1
[15.308495100677858, 22.704254661936442, 23.80322749641234, 14.648231501632676] 1
[23.067342990997151, 55.480066811433019, 34.750619965714662, 9.4552910362135112] 1
[18.459235740688392, 48.933167537497816, 16.11647871618133, 9.5558492362632883] 1
[15.261317185832963, 36.814805641753701, 7.7150490308410378, 8.4682152964832174] 1
[13.839133302112062, 28.812495024776407, 21.34961723538807, 8.4226599786702501] 1
[12.10564144750812, 26.060354037191885, 14.479971056047665, 8.9242868388888041] 1
[21.377379586495817, 32.1898784655572, 7.7003377904137604, 6.836387950600515] 1
[14.975616306825504, 39.592973478791791, 18.418968641458019, 9.8428690309338425] 1
[24.938127378350622, 48.145465065399364, 16.940863185276736, 18.339409626138451] 1
[12.138885544027417, 41.331330453264535, 19.742244091158412, 8.0092754393236518] 1
[8.1766364298192453, 45.288162785881077, 22.547477307647039, 9.3447497415022767] 1
[19.916837028067867, 50.668205298049799, 18.265793729502725, 21.694538328355254] 1
[15.281151083191848, 29.071571648998216, 19.633174312149485, 21.943213956694034] 1
[7.7820535483786184, 27.12442788482328, 10.291009861060298, 12.229171521150665] 1
[24.859655965240549, 37.89534629911175, 13.213107553599443, 10.946034717610841] 1
[11.881893242539666, 30.786640434855371, 17.411810327839937, 14.563191590474764] 1
[18.951114973575468, 30.926226458334085, 7.6995991945073472, 13.004004908626737] 1
[10.917373513886423, 26.633359000476126, 8.1793709848324276, 12.731998227449687] 1
[9.9396408678463963, 25.713261651995499, 7.9033205740583972, 6.4235558630048475] 1
[18.22057528612973, 35.231460248581499, 11.908437261791589, 7.5766040418434351] 2
[10.19633353683648, 24.125612380316738, 31.790841036541664, 16.524794749041675] 2
[15.446574321658398, 16.312364173161551, 36.292886264232095, 3.1205874791845436] 2
[12.999869441472033, 25.2775959128819, 39.385198436848007, 18.30901449807617] 2
[15.372937237173151, 25.537660201832956, 46.701988587259216, 13.451346062253004] 2
[21.607064049238168, 15.466917809915895, 38.282047636416422, 12.970872967184576] 2
[18.550972537341629, 23.0877566212956, 37.058384361979449, 20.108184599930965] 2
[5.824861964226538, 13.347863488263862, 37.619948590829388, 6.735340286349798] 2
[8.7018309604749788, 14.10803795289582, 24.008516068183901, 2.8868033432473763] 2
[16.490594060016374, 16.194233889895209, 23.577218466895758, 8.6435469211736233] 2
[20.121847701732278, 28.740016871842702, 35.742327163483658, 18.692738567265575] 2
[17.203689042705346, 25.90564514671555, 38.229538295055342, 4.2645295290785903] 2
[17.339474317390902, 11.515466531379579, 42.813477271951477, 6.562871015453311] 2
[11.785780134910873, 10.573537905066024, 33.59059219579315, 8.6631792084169419] 2
[12.963278945702058, 14.144625957781479, 17.187628436002207, 15.653480055356976] 2
[15.726895159499605, 19.390572751410122, 25.379230148928031, 11.68480831079315] 2
[12.875240548098972, 21.125765087686958, 26.355687306680132, 10.33628345566262] 2
[15.148881204642079, 20.357041328295825, 26.247420495624805, 5.9173247027421123] 2
[14.02049425678306, 17.393693110217651, 20.916460431134048, 16.165889239505379] 2
[14.119803964133578, 15.476402809653331, 32.594755106059097, 15.050806414671511] 2
[11.514596259824371, 21.441328375813317, 28.113966626337188, 17.933900787242017] 3
[8.9935955630008237, 10.129367921809612, 16.797923834127271, 23.983325856480857] 3
[2.8038782010293968, 14.710906920950954, 13.070914308990812, 34.636885995850598] 3
[4.8691759355039039, 9.2897911899874526, 10.738741983622667, 41.429824028980484] 3
[10.673882205247081, 17.003699093059463, 9.6428468883566367, 42.404546105539218] 3
[11.679816526880073, 12.754764654493616, 7.4784095561394341, 39.740555614150438] 3
[16.354997309353724, 9.3158943943878789, 13.227459043569583, 31.191647478576964] 3
[12.797441768583411, 6.9255812435044461, 7.3301098998651488, 30.542801762291678] 3
[8.066066495390853, 14.76573908598793, 10.070603297914921, 21.993217130016795] 3
[17.654152593689702, 15.6001422172454, 18.188854824301739, 29.848474207610256] 3
[6.0862215532234352, 18.614758990677519, 9.141305340123413, 34.051544946762945] 3
[12.934179586398624, 14.288120405185188, 14.847285275370082, 41.738501486542717] 3
[13.143683261528146, 16.720406807401552, 12.147944936546153, 39.202838425837427] 3
[23.353338705545156, 11.570222712381335, 7.8991418243721627, 38.142219172967607] 3
[16.082169249889994, 11.823714053075372, 7.1280283746987187, 35.349056761346212] 3
[7.1204988453157956, 14.586903199609822, 15.907965368903499, 41.939816556284811] 3
[14.847250747178542, 14.085578466928411, 10.355606131194687, 21.505177270486751] 3
[13.345832245187168, 6.4941798965547397, 9.9194926836165038, 29.638937118140277] 3
[8.3970590316128924, 9.7112545573506779, 10.444926253332291, 11.745407631986346] 3
[7.6577861383188894, 9.5197979057361, 12.716720550388366, 8.8934853695628018] 3


[12.277145339176988, 7.7495436909221507, 6.306842902765541, 8.1259727344927963] 0
[14.848494429054652, 6.3686711609533697, 5.2393798231889708, 7.7306283225276946] 0
[11.525071595171834, 12.132487076925713, 13.472499944634574, 22.03578960584953] 0
[15.932272771044136, 22.238486372688271, 10.156820413706498, 16.190976257445108] 0
[17.359346096147807, 21.944630589854938, 18.137990505964559, 13.965740529816632] 0
[6.5382653262033932, 3.5751904415666647, 5.8397687878874613, 16.910719937073466] 0
[7.329036687793141, 4.9886535658507434, 7.8266375134156601, 10.991676649529607] 0
[9.3787083919924079, 9.1432637886791284, 8.00970591539566, 8.4472138931217238] 0
[5.2226206327446256, 13.314318295220007, 7.924108392768467, 2.6450858448973444] 0
[11.691726100742075, 11.044591602283127, 12.950701425347248, 13.694022009114537] 0
[3.7753244079774642, 11.999570035829016, 16.713908885002112, 7.2958742918858812] 0
[17.038637283402274, 13.76735042091882, 4.8397202388583533, 10.527634413909917] 0
[9.4433358123753841, 8.5630127829740896, 14.234055337972407, 9.9622266845110659] 0
[9.5560118843089121, 16.760933807071012, 14.764848723363473, 13.450141621213904] 0
[19.108886106313363, 17.195125757047414, 8.6073437889801507, 11.892609895234173] 0
[7.9491252686024065, 13.261709495174305, 10.649412300835642, 11.299856698371546] 0
[9.6304016184212244, 9.3415456964594537, 8.3748254384834198, 10.612660953545834] 0
[8.1313170937131236, 8.6152555646824318, 5.8038960884895729, 8.2208583831157078] 0
[14.839798080819406, 5.9588836981922819, 8.5760965358296346, 6.6032972116597852] 1
[4.6392538497820661, 12.896721455859316, 14.366908717569324, 9.002632860352632] 1
[11.852475102729807, 10.505637117638381, 15.596918715364033, 14.122558781222454] 1
[10.9407417926409, 9.8983889367902638, 8.3283819808795538, 10.750575470194272] 1
[9.9108620655237196, 14.240220883915704, 9.8737316081375059, 10.908124810211294] 1
[8.1526959252342408, 7.2477624211403562, 4.1133876274808685, 7.1145494360838999] 1
[7.0536744224567807, 11.860304698945354, 7.7228937948713181, 12.478885337864702] 1
[10.043945526396627, 16.58346110667577, 10.902817365986003, 8.2628157429513998] 1
[7.1108200270336317, 14.142114790293714, 6.5834689413618426, 7.7869663950895642] 1
[6.6397450614347919, 13.121791844965889, 10.007990548176572, 14.577467850741241] 1
[9.5656567414815239, 6.9728016218757922, 15.190897802554858, 15.074116400592366] 1
[11.516901819008895, 11.645539517929409, 6.532724425833158, 12.748741538298667] 1
[3.5038211515455759, 11.136614635473279, 10.320010868214759, 5.899508017029083] 1
[8.7146319364124363, 6.4619091229922416, 6.8859768910924029, 10.402002009900194] 1
[6.4048072692625233, 4.7987820014294966, 5.7920972165620013, 6.3594104473296396] 1
[5.1285455084286173, 10.039300067348622, 6.9787473500657118, 5.7087678332167764] 1
[6.3144537323647745, 8.996073675783304, 6.3218950579591855, 16.594609404212058] 1
[6.8904946095298776, 13.32710786571019, 10.662950949755034, 14.625653640595266] 1
[13.952611557624266, 19.357735306274591, 9.1157523542458776, 9.0515346686925735] 1
[6.2972889947682322, 12.054068653242318, 4.1620591223751608, 10.044249905395551] 1
[9.7332317405840723, 4.1228128226421106, 11.41586878000008, 9.6950801444271093] 2
[8.4278694681146789, 4.0136519827310382, 5.4986994940854075, 4.8515835127195048] 2
[9.1877730643808206, 12.450311369427439, 9.8946120830732678, 16.709328073336426] 2
[14.061254149172546, 20.185804934434316, 14.18306780056739, 5.1370984759191973] 2
[7.5013298901157857, 10.917542241377674, 10.311476924621942, 7.67758262432592] 2
[6.4321175561866939, 3.9617224568717515, 7.4650364179258935, 8.2482230702752339] 2
[21.936335536433546, 19.214819707254595, 15.675300390483903, 16.586247168613561] 2
[9.1102600191416112, 8.3062857239016665, 5.9318144491419744, 11.354171519249961] 2
[10.197165056547286, 11.884971767385833, 11.936512098975623, 11.350050453596637] 2
[4.9161394235243625, 8.8296643730382183, 9.7833453416780465, 10.694649452673943] 2
[18.524085801897105, 27.04680488650466, 21.616078665189089, 14.965923685641068] 2
[17.235421175630265, 10.847982485236047, 13.997455373952103, 14.352883593391471] 2
[16.232450346739078, 16.430324639213925, 14.905439667828437, 16.043201593009222] 2
[17.718601061164577, 7.9498531031813577, 10.756967011958691, 11.957212826649158] 2
[4.8781946958633151, 11.208758454813532, 15.925912724815317, 6.8185348626879136] 2
[7.4262730655447724, 5.0958474486005159, 7.431242801858418, 10.745930430740424] 2
[7.7733529628012592, 7.7627161570587493, 6.6532397666772241, 8.1554303912032733] 2
[4.5227317807415659, 10.434654028436864, 5.861294889634026, 11.750169506738285] 2
[2.5160077165676742, 13.930714804600674, 14.58004590194486, 3.6046632753467236] 2
[19.436017053711705, 17.090709850759559, 24.866301519830717, 18.209926375620121] 2
[13.493731704890024, 13.628930377696369, 17.403393356575357, 14.924463605194479] 3
[8.4975030316162972, 16.676102981777515, 10.477939238305325, 7.3713896548416553] 3
[18.213115445546414, 21.602687290297261, 9.4495046341734383, 9.9000048801791518] 3
[5.1919284657817553, 15.410711035638661, 5.8363668338632557, 5.0662245108651973] 3
[18.780729485133634, 14.362490421929987, 24.763041978530481, 18.585788972697927] 3
[7.7655939286548108, 10.961972880399257, 6.6157844094483078, 9.3261117042285235] 3
[5.3170238217711034, 14.623832027306564, 8.8064455504819605, 11.076739757662009] 3
[14.540215278766002, 6.4471008064211723, 9.7361254333185645, 10.793154943362994] 3
[8.6217420636125972, 6.7604889372914636, 5.3061303121157701, 5.8383360625373131] 3
[11.732898052833971, 8.8190894697683913, 10.967085999939233, 7.047840478712061] 3
[10.538214012546831, 11.490652153822722, 12.828801754691295, 15.828296767956596] 3
[3.7801775888082982, 5.3894329855582663, 10.593278020921046, 10.243462849455019] 3
[8.3773524612526717, 7.4026518667717536, 8.7201115945443775, 5.8978767668197198] 3
[10.576398182656582, 1.4385620800775003, 5.64486273277367, 2.8404965209346065] 3
[6.0276097490915053, 10.7827727974938, 9.4018505816844815, 10.04720614863311] 3
[4.7699929028522101, 5.0087213660170713, 9.3661429485071164, 8.6909053927845115] 3
[7.1019970083885697, 11.472470600680744, 14.553363244672731, 8.1195903053941496] 3
[8.2517547924764596, 3.8235763274322103, 4.092598810670494, 6.7862313916069041] 3
[8.4451111695025762, 9.8784864012556746, 10.283177471433545, 7.4197493512560033] 3
[4.9214480552492565, 12.636438024656984, 7.1876198933987547, 17.13410019231079] 3
[10.422403893034705, 12.348588372088885, 9.2978259588045855, 14.413405048072647] 0
[19.499988862640741, 15.955847077199106, 8.9319392548412662, 15.926947919659105] 0
[13.761113800726513, 7.8777458866444938, 7.5869905626121277, 8.991384980321655] 0
[16.309650590600281, 12.274060589130119, 13.096489823517114, 13.413973529849308] 0
[9.1040059473560326, 12.464889853107206, 5.9923119639626705, 5.0167739185825351] 0
[16.078802419221375, 14.644424028568409, 5.6843972206248337, 8.1721926736881265] 0
[11.251276384203212, 10.241776515171505, 11.461080679463834, 6.0815675477301845] 0
[13.680378486827756, 4.57067270045067, 4.7547118553097132, 14.217526990091121] 0
[8.3048074852286611, 8.475778457699672, 11.646556064178565, 14.60168527624802] 0
[17.24050459430811, 4.4681578246183928, 5.8402199405251949, 5.5047549337134374] 0
[17.177311929819961, 10.542684980231888, 17.206656612703515, 17.773864661881053] 0
[4.4104358107958159, 16.815864749958983, 11.013666804452079, 18.381512367161413] 0
[3.201559893655924, 7.0883255171146455, 12.510759664861249, 7.8067027816894488] 0
[12.98055849176227, 13.305647693649838, 3.8452693547347767, 11.807628927080856] 0
[9.7274155024269042, 12.395809008932975, 5.2089362815959452, 8.911944400201584] 0
[6.4089036138299553, 13.107193100078595, 10.757702281902061, 10.519287179115183] 0
[6.0966620612730615, 5.4149610918370152, 4.8202328883707057, 10.355374275052075] 0
[4.1415399901206671, 7.0314379545520431, 7.2598362794236522, 6.320050367530067] 0
[8.0044197206521872, 8.9613940350461991, 6.6344891028313224, 7.2392401585145691] 0
[6.4865935700057307, 12.637207499843848, 16.613782109706445, 11.110785843025809] 0
[9.8150744515299575, 8.8848424183026893, 7.5867399821526043, 12.453718354331311] 1
[12.190693767368952, 10.913074105545922, 8.6925248102956783, 4.2690439049812685] 1
[11.754205506348363, 5.9249341294884577, 6.8465255934052065, 9.4090378357962976] 1
[7.7852174904900169, 11.343486151956462, 8.5157597196814887, 9.7445922005951324] 1
[10.741953942470495, 13.445324867522318, 8.2527567604065801, 5.0090981934479064] 1
[8.4084913170083446, 7.7937629801840531, 5.9212765620037731, 6.103770005457049] 1
[21.173932763551626, 14.414501217331171, 16.803385732380313, 17.021308187525399] 1
[10.180822820770977, 8.4949561217222218, 11.85728435890061, 14.160756627634484] 1
[12.23204282504974, 19.170804357602098, 13.895223035049858, 21.762001673355453] 1
[11.578701395136768, 10.159916835762102, 13.35540849420012, 11.778925670741462] 1
[11.563188191654376, 6.3106595919434518, 12.964568386699987, 11.375345622805126] 1
[10.610862266614788, 8.668364211450335, 10.524201110003384, 10.858686211642485] 1
[10.317695242073642, 6.8056278623902671, 1.5849125019947703, 10.346539872558619] 1
[17.624094877125568, 9.8184519983680545, 6.7709526987977817, 5.8474442295183469] 1
[13.667682801123338, 13.110621850739523, 9.471994170116087, 9.6381755299524912] 1
[16.419343139032662, 9.8234390380902425, 5.5560905911994851, 10.194212443034177] 1
[12.742843214567802, 22.005116251758889, 18.46883575102413, 11.742894030250856] 1
[14.860730422917822, 17.965942679884488, 6.0831598804855211, 4.4541321968667784] 1
[11.108959933650658, 7.8785841863592534, 11.803562197498376, 23.296946854929132] 1
[9.3067006988827785, 6.7437645981837866, 18.372167426095224, 14.985554933665352] 1
[10.64472447617252, 20.372630616358798, 9.5289556823636552, 7.9643245729725782] 2
[5.8910825823801112, 4.6169699180057249, 13.284160585931264, 8.3716021949127999] 2
[4.8595302126429409, 5.489454912473354, 6.6170374909228187, 4.8988025029058777] 2
[11.240224048968642, 10.861485309460445, 1.7336759813633007, 6.4197338784069133] 2
[10.688670440302701, 15.205264208000603, 12.294514887120066, 14.711397241315673] 2
[14.091254460708171, 11.094234155305395, 6.224714107465827, 14.661188794605405] 2
[3.5264330498135412, 7.7570117866448882, 11.534014006737534, 13.185951607656584] 2
[6.012490312141697, 6.7788245491038559, 9.7970354172793286, 13.496413770695575] 2
[12.566036312085814, 14.730104873952754, 7.5514780766794924, 10.721549696412454] 2
[9.6977077848209294, 7.2977741237526832, 8.7887440105965577, 7.9335143626982134] 2
[8.3035675371878401, 9.8720056793064632, 6.5088123860468112, 4.8296815577290699] 2
[12.615637055010197, 8.7923234305083433, 6.8629457860244365, 8.9557993984034958] 2
[5.3878310173510826, 17.016905505717276, 14.476193010936884, 7.2135264427335608] 2
[11.850138605526546, 11.193280628206576, 7.5569669720896648, 9.5615407378751627] 2
[6.4901620862753049, 9.4406769147534, 6.8183409500902439, 8.6037911455981106] 2
[4.1287395652564509, 9.9425972328939807, 6.7998123128139767, 19.654287125218737] 2
[13.961451854633189, 9.2340679156192902, 4.7797660555282544, 13.517502484629613] 2
[7.7913767270399017, 22.001923426762339, 7.0784018823425905, 19.296051634157052] 2
[11.02010904207514, 11.524633881800204, 5.8759891621716047, 11.656590445864884] 2
[19.413075408771963, 8.0400217827909675, 9.7077759591079715, 7.5110088013556897] 2
[10.158722492239255, 5.4137420031960364, 11.632715236940138, 5.9485831008712315] 3
[5.7825292204116581, 9.8008076102588468, 9.656373500098768, 21.107158286427545] 3
[19.840089047987888, 13.084617667061067, 13.485804468310974, 10.099863434658147] 3
[13.442541420182291, 6.0387554633658311, 12.991450407830445, 10.947895256876192] 3
[5.2972482423878047, 24.664315400530729, 16.715153299649874, 16.104845954017023] 3
[23.63775955643149, 20.846214221302535, 7.8955174949131743, 7.8370144554160941] 3
[13.055069128148908, 10.589852407383841, 10.718250190413107, 6.1466871247938046] 3
[11.398359787818981, 4.5929326672281787, 8.4662446743115645, 10.022159566759154] 3
[12.271421105488749, 10.196337682583518, 5.4397980548816225, 6.1794042348925808] 3
[17.786010705619805, 14.609099083655101, 13.717504784821967, 7.508169352027628] 3
[18.661648782392888, 12.979904489583964, 7.2834157485149085, 8.542274766940487] 3
[8.3051095916927444, 22.810901160726431, 18.979949415711619, 6.9983035463816101] 3
[3.1212320565625205, 2.1183901870300414, 8.3579438719715498, 9.3157573686817301] 3
[8.9442406236527674, 14.130170178364468, 11.846891809380992, 8.4395828076195443] 3
[12.555843806789097, 22.835254630462281, 23.544524914291166, 19.132040449074285] 3
[5.0668252656152628, 17.522401685803324, 4.7316102702842802, 14.628668845971067] 3
[5.3356449816359683, 11.561905604894028, 5.2587916311221656, 9.5073079396763767] 3
[7.5646432331569349, 9.0924353812182073, 5.379430774299772, 8.8952077261725133] 3
[9.8084133580792567, 5.6829367204326484, 13.650934080377231, 5.2510177271599927] 3
[9.8025102064826477, 12.421524163557368, 15.749649519151941, 2.9603673348705857] 3
[Finished in 42.4s]