[Mean square errors for the four frequencies, 20 s periods] vs Actual class

[249.61261964276048, 431.77397513103989, 455.11518119334858, 446.08721629227] 0
[348.84794021782557, 490.0510458019869, 520.36555037739799, 509.90345925602435] 0
[349.38906142497848, 584.73184880044846, 590.36957782807622, 573.50000101973217] 0
[391.7796429872235, 591.5719019276894, 600.57770715741765, 597.13714748117093] 0
[397.11097430340754, 518.62757369639689, 519.81974690484549, 531.31303371405204] 0
[379.13432467890539, 454.93160474143593, 446.67182668452489, 462.43120166677244] 0
[335.57618863368953, 398.18594422521181, 387.53960293460756, 395.46206160291439] 0
[298.34102935249996, 417.99528750964146, 415.14429307406124, 423.15805242784933] 0
[327.7157288217781, 398.67883556206107, 386.36049100225705, 402.35771718211583] 0
[301.13917449299504, 390.04285627647585, 385.88757554945943, 393.91734582933663] 0
[262.85137513418158, 352.11176474030401, 350.15206719406365, 348.43635641443365] 0
[264.56812664907, 377.46372705559259, 386.59123008988053, 383.87785763478377] 0
[275.22540516631113, 379.58521974578645, 379.28436358306476, 383.55871949263832] 0
[315.03923006176007, 377.82258616954738, 400.86562874488169, 410.92300149973545] 0
[277.35361417762942, 380.07907982257831, 398.82944130085463, 396.01264625792987] 0
[307.21560422832812, 425.99810273009433, 446.43933578074126, 435.9481119474072] 0
[311.3068779083211, 420.56750841448581, 407.69119920831895, 425.03343595467322] 0
[314.67769514363022, 409.66537183488936, 409.73393735942966, 430.75157233143915] 0
[358.98853516188865, 403.59989888717496, 405.64985451658731, 434.00052672315502] 1
[351.87963968155782, 368.53169413228875, 371.00329854105115, 385.38441294926957] 1
[427.90733104926807, 336.30187448134723, 408.24398628253965, 444.11091462428084] 1
[414.71315212520238, 297.09880623290189, 413.49997359190701, 435.42866455321632] 1
[522.9886197516422, 339.18411044970185, 502.40547526231683, 549.85089205299914] 1
[511.8535527033165, 354.93513952224635, 508.95357709042798, 521.06513724138858] 1
[473.25900537594339, 338.32227144810355, 440.06766438935551, 476.3490706193557] 1
[386.67304377461284, 296.22162678408051, 377.31688237884185, 391.47103919854845] 1
[416.00955920873253, 266.96168430856983, 395.4539414596685, 432.93298723706863] 1
[487.98270328872587, 344.95527277382678, 487.13028799182609, 518.14589952504662] 1
[472.0974227811048, 361.87864588404898, 452.28351498832427, 499.78365678130791] 1
[398.14408880283514, 326.13567114820006, 406.55549276373114, 403.22373250734461] 1
[382.29421466414709, 264.46165834593262, 376.72189481642096, 394.32523479737841] 1
[527.42506541134969, 303.01385429704908, 496.95370837204598, 548.84099305596828] 1
[709.15953724100461, 377.76078256377406, 635.67614976974494, 724.40512844112061] 1
[701.6960731319773, 437.95118993326065, 650.12915973384588, 728.97181708694359] 1
[610.13616874074557, 390.18976711534395, 552.792637306183, 635.66144764767819] 1
[516.67816872043988, 329.86828053263258, 513.29582941836975, 543.36759677670909] 1
[603.39898386960738, 354.51198476633755, 566.67114555025569, 609.43975951990376] 1
[607.94236047208926, 388.63444306344093, 574.60026339616763, 615.96424617921696] 1
[574.12908933711503, 455.24243440791361, 597.10369929455305, 596.03938450806538] 2
[472.08839204633381, 376.38866899692789, 431.2580461673565, 469.7041991750508] 2
[479.10330369651564, 448.83764241036044, 345.1311825143938, 488.14853204445728] 2
[478.02153113049189, 418.94869195080912, 239.0755342472354, 479.60283073122122] 2
[500.39790509698787, 455.49296316740919, 225.19891256293923, 518.11537189250294] 2
[517.83079891616933, 484.79047256423274, 229.56576721876837, 519.0742938531879] 2
[656.17986825602895, 564.22419529307456, 279.76190861326967, 653.46449835306612] 2
[731.15293373771885, 681.6550522490719, 311.55965663711288, 741.4649825616998] 2
[677.71918623214447, 579.61203756791781, 323.05524839301495, 691.98988562875149] 2
[498.91997070947536, 492.97367736249163, 303.86128343436013, 524.0109908990745] 2
[391.94611898918424, 327.32235036054902, 229.36610800560439, 409.84091917510466] 2
[428.33404856282516, 395.48395635270998, 216.86033531377095, 404.33585265729653] 2
[553.72727484598659, 485.24373921603342, 209.86564166582801, 541.18247331016278] 2
[585.80673001140985, 521.4164897964331, 233.0527918597133, 580.2379830897288] 2
[506.4060586340446, 444.02331610584247, 203.28271437311037, 501.95029567718785] 2
[402.22108347936978, 352.77988319429352, 204.85391622622447, 406.61064453907437] 2
[316.19967961623132, 306.16813113747565, 192.93402892225768, 335.43435694424494] 2
[291.5282114509676, 271.20493371275268, 210.31057471179813, 304.54232466979812] 2
[318.17184657457597, 299.19525255657464, 189.41285008011596, 329.69934184841037] 2
[374.07720567899258, 340.74967598306381, 201.53379976805201, 375.77798907295033] 2
[461.88140756858934, 443.90431883631391, 251.47884230132135, 468.02799512186834] 3
[436.87899630170847, 438.7471701199409, 361.50694324038193, 407.97159734921564] 3
[437.12925069159172, 422.86929124801509, 396.55090899539005, 365.11887633462885] 3
[372.70293890134076, 350.98218946750228, 361.18540050890721, 232.98636063844535] 3
[402.35685235853055, 376.09756939020207, 393.1342133976911, 224.51351117353136] 3
[452.97604376479541, 445.33056709245551, 429.87351654897526, 201.22166459213088] 3
[534.97531009512818, 529.40039727595627, 530.78878744241229, 253.36518591662724] 3
[501.62170166918668, 518.39878793143168, 495.70249548488465, 261.10515177490674] 3
[497.09429882395438, 509.20890892262264, 497.52904068740753, 278.45932143713173] 3
[427.25567809377367, 424.01130192810916, 406.23397095142246, 206.7559214408189] 3
[368.86591061135897, 373.26434883134277, 360.62085151945212, 207.96729210566852] 3
[307.76452289362214, 292.91368891281974, 282.28561694175175, 195.74813275036982] 3
[292.55703865650383, 284.03966281324642, 280.30018918083528, 199.03081725643554] 3
[361.06948593234728, 357.67394794075955, 351.69703851126792, 199.55442381580133] 3
[374.51856340875156, 376.75515181678867, 371.8127995593174, 183.69814372274595] 3
[525.85493421873116, 506.60811435982629, 497.54054225672485, 208.25277527800296] 3
[527.16150085166441, 519.6544385579748, 503.84410927829083, 228.08524895141409] 3
[597.70715626874312, 574.12783818313585, 591.95756090364205, 249.77151668497874] 3
[512.47045734985625, 508.18799258978157, 510.65024857085524, 243.68704769715131] 3
[572.26230018382694, 549.01406999024914, 550.67466581797703, 239.66512389516745] 3
[490.05839507688563, 465.82326101892767, 476.9381721964935, 224.53332975121381] 0
[402.96844431442139, 428.268831227009, 422.14496302818935, 270.09356630417244] 0
[331.70005266125264, 402.50186109458889, 396.9233442607412, 359.55323820324509] 0
[279.45943595231222, 404.16103677440418, 392.71780492489876, 403.92502097631967] 0
[311.55575412445063, 459.2582771776942, 488.55248445045783, 481.70225727726529] 0
[344.383935618029, 445.96540552176373, 444.46928547365889, 436.88162052799237] 0
[342.84234099342655, 439.13134830563621, 473.57941547479794, 471.19803588281985] 0
[274.0532980243745, 373.49501883034389, 381.04922100913956, 378.98958082215836] 0
[292.75558992770755, 381.54465076279854, 385.08018600675371, 389.57330956395634] 0
[326.05182232956213, 392.53411768522784, 410.99051498173532, 392.33920857799643] 0
[391.07580316905916, 451.51652195465493, 472.252257653595, 450.99568653255432] 0
[386.0590993297468, 499.55974517475846, 502.70763249404359, 477.66778109612329] 0
[314.52667735288037, 439.47944516276931, 444.28702945345918, 438.4004555524898] 0
[277.70467339596371, 421.44677297489841, 447.73080078118431, 453.63996927189606] 0
[308.16253081651433, 429.68615341949589, 427.85926586300928, 424.41371085200075] 0
[275.34115616043249, 402.72153551760454, 417.9376047360264, 416.28383209949152] 0
[265.59019624062836, 357.40928129087575, 368.80533764513928, 368.33533181162051] 0
[284.11175055024353, 337.93567023416432, 351.05713818058189, 356.53570647078533] 0
[316.76299529863991, 342.77714837019909, 358.16458201135725, 362.57488941928654] 0
[293.36167673418834, 332.64940493732581, 352.89381886470528, 353.98854131797697] 0
[266.95167917893241, 327.27146093752731, 327.44318180115152, 349.21510692165987] 1
[274.251412530903, 296.66917126513636, 304.45771553028015, 316.54670687738405] 1
[476.93091582464376, 286.56668864448596, 414.84004203170559, 510.31215321761323] 1
[578.90872801361172, 339.8249194806512, 562.49087033728711, 612.57490918900942] 1
[613.01564533091005, 417.00560004965217, 584.29664586389595, 637.56908331943578] 1
[422.1718322672196, 316.5040981365234, 389.94386416953847, 429.77750164856712] 1
[330.09304594971678, 243.68077029502683, 340.96583362510717, 343.69312616472706] 1
[319.35727130302877, 245.94213971234058, 336.9919002438611, 352.99595554403032] 1
[419.96516328218291, 255.10071001611192, 393.7527771729637, 432.69636555929736] 1
[443.40186407452433, 317.21156092461433, 454.30313770191458, 473.24959696389476] 1
[498.92450370820791, 334.9591641158695, 480.98168405208139, 507.10364957906728] 1
[494.67645690761952, 285.91763132548874, 458.31530019314698, 510.9413806313309] 1
[534.20436780065324, 322.4254290630405, 531.00941846948251, 559.93175136841978] 1
[607.87807947033923, 494.67354052081282, 584.2883582907956, 612.71255310055483] 1
[535.14225992302522, 428.90482658065071, 562.46903535321201, 565.89661178710628] 1
[487.13027978408354, 440.66895077652646, 533.23139109242015, 530.98367411265428] 1
[435.85502061759496, 337.12409236947377, 453.38053860264108, 466.78226258247804] 1
[401.57646439782201, 317.43071125658753, 433.15047696324774, 450.01592236921476] 1
[406.07496361010647, 285.83820774716906, 381.88834023149496, 403.74353490365695] 1
[350.22554205500774, 262.35238995452124, 354.14368730656463, 366.44936765312747] 1
[343.83989403607245, 248.03214352069648, 351.78539662112576, 369.33153656805149] 2
[396.57503526397659, 340.95417777061749, 346.44168189560594, 403.8682012196013] 2
[406.62009765567251, 381.65178656075972, 287.28236898332113, 438.06622370137597] 2
[515.15769050703375, 470.19484031160846, 313.79140959095304, 516.06526632268196] 2
[595.20772565120376, 539.30928104504983, 266.71475844853796, 570.98637359265956] 2
[600.59066960440714, 548.7489988722956, 298.30441433425568, 596.82293222059457] 2
[624.94068584303227, 568.67013488245891, 298.54417303552879, 604.43968865158138] 2
[508.06769084475985, 488.42036447953228, 264.12791062006221, 515.56591511201725] 2
[479.12761478775514, 437.79270061567792, 257.56660334967694, 478.75074528854816] 2
[357.61564220988851, 326.62462023251834, 224.09641871417548, 365.53696061177783] 2
[390.25385437563386, 343.54917339809003, 240.02933248998366, 391.66009790799802] 2
[533.01352296535049, 437.6632974313585, 289.43527699287864, 536.81685304194605] 2
[625.41015195024647, 548.88866131564225, 290.62038621486909, 653.06497000889271] 2
[502.23341960765731, 470.58752754575261, 258.59230350804188, 535.88670338913789] 2
[398.59644058922891, 371.42869030396628, 237.08298063412747, 403.07538804842733] 2
[280.83332059465101, 262.5505480426196, 207.56364628540669, 279.30891858905693] 2
[323.62332617098792, 309.83139128454008, 247.25797290668123, 323.25318089021169] 2
[330.4861164916569, 314.12233640704903, 246.62045096312727, 341.03377806317349] 2
[329.74795115771514, 320.55028553752857, 250.75352459738002, 342.25297177321272] 2
[349.05004307347247, 324.80088435583451, 256.98302374096363, 359.00340635802769] 2
[394.521945729582, 358.93960206889733, 259.02731276096893, 390.97416605733775] 3
[406.35500350101069, 390.8925210314253, 279.89903360822279, 393.48433420321464] 3
[435.19103403581573, 402.79517000049867, 355.45455104913071, 328.52174130720431] 3
[513.54490828725056, 499.0838777168704, 489.45717276636213, 236.50569352004206] 3
[592.86086417916897, 578.25300963187181, 569.02952103071539, 212.0233865916901] 3
[610.06028734090285, 600.69241808076595, 596.8363430241867, 227.76681427564219] 3
[509.07922547418866, 504.84661751034309, 500.18392546758332, 223.5282708943713] 3
[449.21773118332749, 449.4614646431753, 446.71727831549543, 244.62161140653077] 3
[322.52945962304125, 329.3870993768935, 330.0698440186128, 207.67584643160654] 3
[362.44133626068037, 362.25083577492114, 351.68760667319071, 267.50043233546137] 3
[420.50777810455844, 387.38604085924692, 398.25943701801117, 277.5682091203268] 3
[514.57527509377258, 501.62213063846616, 499.10998207060499, 308.70706638731508] 3
[512.48617348988773, 493.1111392318125, 486.79040432441525, 254.01941201959295] 3
[498.34092013393661, 503.06818618736395, 519.01978273291593, 296.73256063771902] 3
[488.36083717795549, 489.22270268991781, 507.74759791246453, 295.68931841764152] 3
[511.89609280598592, 494.79782843468541, 504.37606213670358, 277.85488727528252] 3
[472.60434415841019, 477.0704948633192, 478.3150419429, 255.1964351676522] 3
[428.83397038121751, 434.83610511881085, 428.53797234953419, 248.75141638594832] 3
[309.29242963839312, 318.09785666773166, 314.92003881288906, 245.98050955922159] 3
[258.94667374667534, 259.4581813569867, 256.51863352648274, 209.59185399002195] 3


[481.96229403619401, 487.48092538019586, 492.02612613899794, 488.61892977957933] 0
[554.80677830418949, 568.56281237285032, 571.92035531500915, 571.09403949437467] 0
[856.36485619059647, 863.09743262013251, 868.18404149841706, 844.91741636300787] 0
[975.39155275874248, 986.18478368276271, 1003.2586172850063, 968.76299721091402] 0
[1012.5958303451087, 1005.1959856269673, 1025.8452991501408, 999.90898264432428] 0
[712.09069970717633, 714.95165063405364, 708.62298928193047, 683.14410934487046] 0
[568.9435613557132, 565.92400566005028, 569.60718513118502, 563.16272783557417] 0
[422.8598291567755, 428.73038192880148, 428.70017362743221, 423.67020719079795] 0
[409.60144591261411, 406.51000107330043, 417.38932970806383, 417.77444313105696] 0
[602.55321211791511, 594.8235178681249, 601.90324479843434, 602.69894563292257] 0
[1690.6902625794862, 1678.3857763008527, 1677.7377168084734, 1684.6621476838493] 0
[1878.5609641293895, 1870.8634980040631, 1883.7413607643466, 1880.7223087425186] 0
[1871.3090020002437, 1872.5591449607796, 1861.5043912489075, 1874.5503203769854] 0
[1046.7502299734565, 1033.2986254719556, 1054.1212274207107, 1052.9401823833962] 0
[1054.6190226495821, 1054.9367016606923, 1053.7801119430628, 1052.1007080647817] 0
[969.41068348400597, 961.88234459467208, 971.26545655669429, 956.35683693887552] 0
[752.49738510977284, 738.72804461127078, 746.27905601090083, 742.84241054274958] 0
[563.40028897770412, 560.79107831730323, 565.35103706133907, 563.05730080464366] 0
[549.71067724105683, 561.94721089664858, 555.88168954067794, 558.8175166316521] 1
[754.71883593495863, 750.02850698611121, 748.96775131468553, 758.79387649595867] 1
[808.32243778569864, 803.99673238177922, 789.09044840432819, 813.63999051544317] 1
[852.09741856258415, 852.60895627801744, 853.67694865708825, 863.59219364240221] 1
[776.96737334175236, 783.81627378830683, 777.3127510521565, 780.4314864516025] 1
[852.17611947184912, 856.00210240575723, 864.90736305465396, 855.98025101474684] 1
[736.62242929672391, 726.03551610815339, 735.67101993677704, 723.56049481653088] 1
[613.24885587856591, 605.93116630567465, 614.20339158152478, 614.98277119887427] 1
[538.4477745658487, 512.23965620809838, 531.68186999127124, 531.83239993796553] 1
[490.62028017787043, 473.43869844175674, 487.34536364141593, 476.91120972323927] 1
[541.25400466150757, 540.44558854695993, 535.47299043149803, 527.00555726584741] 1
[569.06552686874682, 570.13478331096803, 574.23908117695839, 558.84339604184686] 1
[632.57627356376418, 619.94263553878716, 617.95650109579014, 614.71155111917858] 1
[529.22849068999244, 538.38775979926277, 532.02700255600337, 526.52351698499206] 1
[483.57907429821347, 478.511862291949, 476.77118208004015, 471.98280143331709] 1
[484.18867792584558, 478.54504793819211, 482.65697669473457, 479.55896013901742] 1
[523.07073416238472, 513.85557761635494, 524.13993609619149, 496.70010931327397] 1
[600.69979364468895, 591.01319023222607, 594.08761621555254, 572.9914105208494] 1
[531.08711091754049, 524.52108480561242, 537.34654645757882, 510.13080225216117] 1
[513.48868663404176, 515.40341433720005, 519.354993961476, 507.59733847493601] 1
[414.09916345220682, 417.37011213982208, 415.36413139351299, 410.48204673417609] 2
[419.39503390323904, 422.93884043830741, 421.19186994415634, 417.82289467229344] 2
[448.26015935823256, 442.25568387753322, 442.74129784000979, 426.01519613900427] 2
[477.67806041827413, 465.80852480733961, 469.45895200426338, 482.8559465047104] 2
[616.57597328008194, 620.942281303654, 608.91033150536975, 620.25595286655266] 2
[600.1034095911001, 623.7197151824065, 610.10081392142092, 615.87461850955276] 2
[661.65383336648085, 676.47085823398027, 667.04955716082213, 680.2129541641566] 2
[562.52358749093764, 565.02644122641163, 565.21868247951818, 570.2424176759431] 2
[529.26297546533897, 518.36164206172623, 526.89949851225742, 523.87132247670536] 2
[572.89620216805838, 570.4611194881777, 576.2797054593351, 570.24767714339191] 2
[1377.9382241975861, 1353.3176094286146, 1378.0770833611937, 1388.4441944516436] 2
[3193.6946350903163, 3194.6997316524694, 3172.3996502715991, 3191.4811893291126] 2
[3297.1246163131095, 3281.4694674036687, 3269.7383916417361, 3297.6701712411973] 2
[3102.0617272540576, 3122.8771163832353, 3097.3515447560344, 3124.6199739435801] 2
[1911.6456100258572, 1900.1234594175389, 1888.5096107476018, 1903.8890356672157] 2
[1960.5455283331389, 1967.0431323504183, 1960.896654036309, 1957.6187056706647] 2
[1495.2028261583621, 1491.0861601483905, 1494.7512127015048, 1492.5398449944466] 2
[947.03342865396496, 942.83225481133036, 946.29437287343569, 940.10478752980703] 2
[727.51461810430305, 712.46480125965286, 714.2485152387593, 715.99431862129086] 2
[575.61524608222624, 565.89952187504707, 555.60678377466138, 561.55267318728568] 2
[688.67299659857747, 673.29314914071233, 645.33093207381933, 673.70643079249828] 3
[596.95122730576782, 577.89292601511465, 571.39054955866118, 590.35603082545003] 3
[568.73594404911546, 560.0082868634064, 574.64270208650669, 573.31647822323282] 3
[429.83717595189518, 403.44205747552957, 430.43836797743336, 434.60330433676296] 3
[480.24966012365707, 480.79297942888604, 477.96788362029719, 496.87606059231979] 3
[422.82446377626383, 436.15927053863322, 425.69640100191322, 448.48676910833217] 3
[384.3309151398762, 387.62730086173872, 376.96025590132655, 397.99813478231204] 3
[329.55588625645242, 338.62142419342541, 336.73795224749239, 335.47309191626152] 3
[402.01450325650956, 401.16436237128238, 405.41525205367395, 403.0237299783758] 3
[497.4227922841452, 503.52047581999835, 505.00295320824989, 503.44060258259151] 3
[551.52985391434595, 552.71383441594105, 550.10101122906667, 543.1702862143643] 3
[554.26192600414095, 554.27015640064178, 535.5009505329316, 549.9383381389531] 3
[522.72910713736007, 523.17079687865976, 510.52498815832075, 522.60683614689583] 3
[424.39008932076098, 426.77451373898401, 417.22482623852898, 431.85941550932722] 3
[375.8648030591242, 371.40039831089871, 369.62318866292765, 376.057656621577] 3
[372.07430071386574, 372.43324271921398, 367.30207771645405, 367.50500930736297] 3
[1011.7449916117479, 1009.2171867576357, 1004.6588504249526, 1014.7299235017433] 3
[1120.1620450905775, 1130.9510793771335, 1123.2654500862068, 1121.381307134825] 3
[1205.9376942837559, 1209.4099157856085, 1209.1922903639029, 1204.129030124421] 3
[1073.4232226755832, 1070.5860537670872, 1072.0773791718077, 1055.4289141169979] 3
[1295.0267490834451, 1296.8332271145605, 1302.358317218908, 1292.3778372379109] 0
[1418.44394618294, 1422.3853658328376, 1435.4300539745459, 1419.6635562500849] 0
[1733.7966892056988, 1749.1205771926559, 1748.441969091185, 1740.3335046024715] 0
[2163.748265840045, 2174.5553054335896, 2171.0798648169193, 2174.0123991102032] 0
[2318.2259055566883, 2313.4894809447505, 2318.5920769926493, 2319.5943119824919] 0
[1682.7444835375445, 1683.8655457003174, 1678.3247241385659, 1687.6936825932687] 0
[1017.8692310009781, 1020.0897195577041, 1020.6343534375526, 1027.1868912810987] 0
[670.13134274196, 668.94041295784325, 685.51392711504809, 668.58207239446313] 0
[567.38988843186576, 571.30345427203042, 568.60371882472964, 550.32869469835794] 0
[546.17159049516056, 557.24197864726023, 555.00167041358793, 531.35712743240401] 0
[524.27921207915676, 532.94623489143214, 527.36927070327192, 524.89523642887639] 0
[622.55785646107131, 613.09082949419633, 608.22075971554762, 615.28864296442839] 0
[698.84083576144587, 686.98091674168347, 665.78917665208064, 691.01437843565475] 0
[772.05016565906067, 754.30849546512843, 768.17438874694017, 774.49003439039541] 0
[641.70652037771549, 636.99357851129093, 649.76599925593268, 644.7702299638122] 0
[480.41883229677404, 467.8536732990645, 478.97128715738262, 480.20804657716758] 0
[344.85170238952395, 337.1181061937815, 342.35748708305766, 339.89377604257362] 0
[335.85288124049072, 331.9751842335786, 325.92144128070345, 330.64438616911031] 0
[357.54890579887206, 358.39762668747909, 355.19744967835157, 343.97441524466751] 0
[336.01133552795159, 326.04070028836338, 315.65705422259373, 326.12157636614143] 0
[339.40498799590426, 340.59270127662489, 330.62350325682809, 332.79313496146875] 1
[319.33734940776054, 317.10845820333594, 319.90438236426263, 327.33300631268639] 1
[382.05620083242917, 391.66413417804552, 399.62877704603511, 389.09294551343135] 1
[482.67480698582563, 476.87668686972222, 482.42485770983961, 480.95584162394687] 1
[536.41670503059106, 535.51896048680351, 544.31932251612568, 540.85106928754487] 1
[541.44056323823395, 540.4339150525775, 546.58648478402165, 541.86461721971295] 1
[530.66566259948672, 543.69936410784453, 545.70945042182655, 544.63281799595143] 1
[1887.0039381128404, 1883.1936424463443, 1875.4944377053489, 1878.4423285227806] 1
[2049.5783152892986, 2042.4186398142399, 2063.317135263082, 2038.140597506009] 1
[2254.5599274544711, 2259.3071951766142, 2254.3024941148346, 2244.8120994576338] 1
[1437.8172668561967, 1444.2188102315779, 1432.1400726730396, 1432.9904690246906] 1
[1591.601464029533, 1595.3545267062921, 1591.2770480514623, 1586.9125758269633] 1
[1424.8474454136979, 1420.1228857984738, 1431.3845483086729, 1414.1668556048173] 1
[986.28297503696388, 998.37850977468077, 1009.8615853021241, 999.64871350371345] 1
[718.495227152594, 713.59005292331221, 717.17391715937447, 718.56072268075741] 1
[581.29205920406457, 583.53506481401871, 587.02415416877534, 586.86400190289737] 1
[547.90234608069295, 533.28595462424744, 540.25113971188239, 549.46647166774198] 1
[555.39224516853301, 544.57714991346393, 567.94778063220417, 568.68129782818494] 1
[760.01875302362726, 748.4940553587594, 759.11329294726806, 753.09008535938835] 1
[808.88738769452073, 792.63446666210086, 798.73865842934322, 800.34660436108288] 1
[891.14886220882954, 875.94497618776097, 886.16243744004782, 878.46641896367873] 2
[711.65549404921546, 707.73799529772475, 703.46470330429634, 715.28978838678938] 2
[620.50139426063436, 608.11353844830694, 614.12609806493947, 623.7114302508927] 2
[516.55468320441253, 510.2486185781446, 512.90595831651103, 516.75381061364703] 2
[569.74762983055041, 562.92001021489148, 569.70590947096275, 564.75179150670522] 2
[582.21115329300164, 571.51081147012133, 588.78695293340377, 579.58139998215631] 2
[764.57224098219251, 766.00534681274507, 756.70919725634349, 751.56385241664293] 2
[861.48371657453015, 858.81609849267431, 857.97280374474201, 848.66730244659641] 2
[1096.4531257890724, 1101.2431264359368, 1101.4111342254387, 1093.2307234345292] 2
[1016.8172424798414, 1024.4230529775944, 1011.8465965791618, 1015.8758321705672] 2
[1258.6445953380937, 1260.5508236285543, 1252.8251926317789, 1268.19427313642] 2
[1407.734047606777, 1413.6049870695776, 1404.1419285595166, 1414.0597745666234] 2
[1519.9110747140905, 1503.1133973707515, 1499.2769002068819, 1513.4017415948406] 2
[1214.6897391143359, 1214.0898118443397, 1206.7233778793072, 1215.5906139220028] 2
[779.74093207480576, 771.84957425515483, 768.99558192068969, 777.50894192182352] 2
[549.64457271725269, 551.28711764070863, 552.38980717552067, 523.08929693742493] 2
[843.16893829590356, 849.28731084524588, 849.56276890821357, 823.1985008554924] 2
[2598.1488843139673, 2573.9665078738726, 2589.4430377116105, 2581.076493905704] 2
[2738.6668899944425, 2745.9860071172125, 2743.2420743435691, 2753.4333305267264] 2
[2683.1043911924776, 2703.8096571936844, 2709.3415936962933, 2716.1103434103316] 2
[1385.0074329145912, 1382.0912254849882, 1384.3198347825883, 1389.1323155264126] 3
[1567.5110787471613, 1566.9577425710288, 1552.6573175157598, 1534.6244955433415] 3
[1218.8547519510757, 1233.0028853100057, 1230.5889970171233, 1208.1849647840074] 3
[777.61517378618237, 790.81678939000983, 792.12856341161853, 763.22442869544159] 3
[691.91477268436438, 680.50606083306025, 686.23726473317322, 699.57275315708875] 3
[1840.1241627289519, 1848.9143453355243, 1878.7569539592371, 1871.8385966146234] 3
[1989.3250924719359, 1992.9108092997635, 2001.8408005092788, 1997.8217670526108] 3
[2111.136961920603, 2130.4523838847185, 2139.6370481024405, 2128.6593109514947] 3
[1185.4296004874807, 1191.2142681881949, 1193.3418408848356, 1190.2459142892094] 3
[1143.5766610612379, 1151.4276487502393, 1156.6858078698131, 1158.5025378363807] 3
[886.1065813620927, 899.76860674146099, 911.67796892115462, 910.76530421392056] 3
[724.71290287009674, 700.91539107784888, 715.28430802697937, 731.43466239995576] 3
[682.48871351988555, 671.92015531719323, 680.70467597811955, 677.56664035297865] 3
[623.17084004885919, 604.89426385171237, 600.29415279528951, 615.51925265871603] 3
[587.32799176708363, 565.30493747041987, 566.22135359829974, 561.20810383602907] 3
[661.31070687643137, 635.33655468984364, 649.32021564997683, 620.75783818878915] 3
[647.79142872163106, 615.61547073983547, 634.83488506941842, 620.34429430222144] 3
[715.22622035861218, 703.76073930344262, 721.31938997018381, 694.56292534602937] 3
[815.08736706581681, 816.88681532559144, 809.77957215737615, 811.25922469258978] 3
[872.94245028729301, 871.83407042048952, 860.67648427024449, 868.65176222170248] 3