[Sum of converged W for the four frequencies, 20 s periods] vs Actual class

[14.618922660438759, -6.3341743014994742, -1.9439128253649729, 3.2791938886842305] 0
[0.696948926379239, 3.0715650309455045, -2.1340064137006389, 1.2147609450329049] 0
[-9.8254219140596835, -6.3557181932665499, 6.0268122947268044, 6.8901484806277162] 0
[-41.177680828291201, 0.36871648597039131, -0.88674120218882546, 4.263628163163629] 0
[10.920434942649194, 12.656488722573172, -10.362024522684493, -4.2978832569027023] 0
[-0.30140799001443852, -16.771334905750678, 1.9568156529383542, -9.730151339646488] 0
[14.812175867730105, 2.2282927149091725, 2.0943517023499529, 5.7051516972700291] 0
[-6.5901838933840731, -6.1759200901149649, 1.1619522474706168, 9.5019541705798165] 0
[-14.714913632459149, 1.8794656996423975, 9.3907768860473588, -1.8424020879567848] 0
[-7.2841761341954205, 6.708043107975783, -6.8433826413788346, -3.3568351234312797] 0
[-23.312080495302876, 11.655086798830339, 4.9148955807122654, 1.2303783763867338] 0
[34.837946498408627, -0.45594091290410477, -0.31521918675218674, 8.541328435170211] 0
[16.804138091562947, -1.1017587254679118, -2.3946400067892446, 1.0624256976823583] 0
[10.844434120227431, 15.462043609171458, -6.8876096670725673, -3.0435537724024591] 0
[-10.288158895686943, 4.3282260373214125, 1.9417141923500019, 3.8178173206125692] 0
[-31.593873494383594, -6.4982359774227181, 0.95175666549041038, 10.110406800387054] 0
[29.214802092673999, -1.0368853437608498, 0.38563519732266993, 15.386598856814672] 0
[-6.1539596939873835, 5.2656973676069336, 11.937658268112417, -10.276087781231569] 0
[-8.1769406129342883, 3.4181646503961134, 9.464955610442134, -1.4151885791973555] 1
[11.14834302840551, -0.44209237933189982, -1.1948657800598079, 2.4010430859271392] 1
[-1.2359600877464594, -26.044015814257651, 17.940323480748589, 11.561834621213322] 1
[0.85485443451484988, 13.416166476539189, -13.674226617423841, 6.6746888896651484] 1
[-15.183545902221288, 37.310134905315756, 11.052575339591943, 0.69389096447729237] 1
[-11.34316963853016, -15.868166830681846, 4.4794741850614361, 3.1414949872068143] 1
[16.963150088275441, 6.8576736757762431, -18.425307847648924, 1.0127743055332177] 1
[-13.092811568080009, -1.0859264413653671, 10.682105843386584, -0.66078517867693032] 1
[-8.9656204504701158, -4.1302665143974693, -4.5981913648532791, 10.498493313119502] 1
[7.6480126587193125, 28.300571398615745, 15.477270784189647, 3.2528184944652572] 1
[-0.66958364048800778, -32.247859324797986, 14.572355816764068, -5.2721008121338553] 1
[-1.5067921584521891, 0.76346251497387119, -8.4637103839923817, 1.3513187907379591] 1
[-10.080901561178369, 23.766971609713863, 7.5901718098235342, -10.716053827373598] 1
[-5.4291164998746737, -34.414482459967687, 9.3015756928659812, 4.4259113230418228] 1
[7.3906445239758884, 24.04313513113042, 0.66248459434363893, -2.4813194004734189] 1
[8.0830602996459895, -27.184523988971122, 7.8739914686397467, -2.882541880007631] 1
[4.6282796656697682, 5.9052606354189967, -29.726542533457192, -5.0143452595562916] 1
[0.34012754970292081, 37.26441762890552, -0.33623781984427303, 0.980582261762178] 1
[9.8203258078496241, -52.423608062525474, 11.851411871073431, 22.434397354857307] 1
[5.052084126792435, 20.345536498453033, -9.9646806318034802, -2.7080784740045205] 1
[4.4578004062339804, 18.912787490360301, -4.1218456571355366, -8.1276308747729118] 2
[-12.584666003692563, -17.871512887946903, 22.262221231164133, 12.046021742824319] 2
[7.4878934525412486, -9.3593381589683524, 20.618264523643262, 15.330698662009421] 2
[-12.881714367160086, 15.425838231091198, 4.5996101665425133, 5.4129062484409163] 2
[-10.511507181909925, 11.267813730866674, -3.171065990590594, -8.0062897571914213] 2
[-17.855997899332817, 18.386735131580426, -21.758689641596931, -21.760310053616841] 2
[11.628759913890642, 5.0689105986609331, -52.393976546469105, -4.3093079934740288] 2
[12.659114893156071, -1.523654652164125, -33.009252920278463, 2.2203037868953541] 2
[8.8277306474530981, -28.392915980626412, 15.534051591090073, 11.122760869147074] 2
[5.9934326068384651, 3.917733662330388, 26.958095252630404, 3.2660140748932776] 2
[-2.5016062712103491, -8.3236027041937035, 13.057632632635981, 3.1960580073387743] 2
[-12.370050130329439, 11.240178336489892, 4.7344652307379764, 7.9637346836607517] 2
[3.3936415166477873, 23.173494214300206, -1.1103780078744325, -2.5250613338997256] 2
[-9.8951124730085311, 14.410397513128537, -9.6812550405133688, -8.7956894896594626] 2
[-4.6003501848942756, 1.7816086826498216, -27.84225951012764, -6.5889685440963861] 2
[-0.90689283214684213, -7.049017067004125, -22.400689410340608, -5.7573497608913486] 2
[3.2703704190609253, 1.1333074961111906, -7.1329904215482998, -5.1937310347433785] 2
[-2.743265597487329, -4.3054083089557116, 16.350267419607665, 6.5100535421649646] 2
[3.6165865965973736, -20.505483915364742, 33.553566846134416, 9.2639474283831742] 2
[-1.3797083084718407, 0.072804942994769029, 22.792762825351748, 11.468114326768161] 2
[5.7612641152989212, -2.4130839848424412, 17.283256087520009, 19.159815766783318] 3
[-5.6236333313533038, -5.6872223240167612, -1.8209990438099148, -4.902916984683694] 3
[-0.90209276495754054, -5.1251822351557523, 4.8665778023658151, -6.6621377696744304] 3
[0.88500894299977317, 5.5895995321859777, -11.230284319155519, -19.239272930822374] 3
[-3.8199505462492138, -2.7334840665279216, -0.97997871465014086, -33.57807479821718] 3
[4.0210099149459859, 0.55342532700747293, 6.5595109785384924, -32.41380377439701] 3
[26.691799783101381, 7.3944999307436072, -7.051465891254403, -30.561884595773385] 3
[-7.0916723214705693, 0.97820234013017582, -1.6073915422621365, -33.046699311953645] 3
[-14.966032490134918, -0.91944851713467846, 0.36337495156214705, -30.887579723817449] 3
[-3.2586094441792639, 7.1716694177838001, 6.0746883681010324, -31.537750365358782] 3
[-5.0590768253070699, 5.240135713830643, 7.1642758206174264, -20.05594377853069] 3
[-1.5383176368696527, 3.2743074095781579, -3.8449218936043144, -20.748320785989009] 3
[0.29236647931925841, 13.62076121682858, -6.3333408548790056, -24.027547970286328] 3
[2.2083447237644478, 8.43926271262964, -1.0341049505957667, -22.303938182357449] 3
[-3.1909393839443876, 11.639990389931128, -2.9706143797699354, -24.531415958397446] 3
[9.7273147348140263, 5.8610584811546156, -11.429673090754793, -3.5971725537056454] 3
[-4.7587294115216832, -0.31545526806691104, 4.3619326197244019, 12.299631038875788] 3
[-6.5083426495508192, 4.4535429701483249, -12.594168039529336, 17.73265688030493] 3
[-3.2259914731492607, -3.0096765113801718, 4.4833342038052049, 13.513990495512743] 3
[-3.7409119603273697, -7.277806828844227, 3.4967997565373459, 18.90833614015914] 3
[3.4854736908107156, -3.4269954846516066, 10.803071872022526, 23.664111770027148] 0
[2.6560267294629654, 1.3222848106648462, 12.520748679260262, 14.403678862049844] 0
[-9.4601791578440366, 1.4541580374706173, 13.231473564611315, 8.4559822195345973] 0
[36.63801945372245, -5.8621741940628027, 3.1817713083312809, 4.945444050878832] 0
[10.635632138950751, -21.583467471546964, 8.7074478877248538, 12.598948031945875] 0
[-6.7868564648805823, 3.9172180010005158, 6.1014752464883966, 2.9558709075024678] 0
[-4.1911625495665898, 10.281768943087892, -2.6555279211786256, -3.8117249043709891] 0
[-20.906542907829291, 2.561511719080813, -6.5225535647406616, -11.63366831196161] 0
[17.383758629154986, -1.8420366383470232, 3.5331892832840737, -1.7641697782575023] 0
[6.6353845103107565, -7.1777519111306542, -5.9387641061420471, -17.96349694975061] 0
[-0.42647566073407361, -9.6995460237717364, -4.3369958483130038, -10.374893092784248] 0
[-9.8600257103534901, -3.5954720695479345, 8.2206715137343078, 2.2967565900723446] 0
[-29.886618980469915, 8.0778737958622457, 3.0312522728662197, 1.0529793015481066] 0
[26.319375381875318, 6.6695416949420645, -12.887810633401809, 2.3052041600740631] 0
[3.0869027284754398, -3.8067563616011011, 3.6108815913276242, 0.70634176964675932] 0
[31.918125725718191, -0.34134557712844238, 1.1965561741963393, 10.997516501320895] 0
[6.0589575421934025, -0.44192721824027981, -8.305217617868049, 0.4756281833451188] 0
[-19.79108920030006, -2.2621290396456173, 8.6345241855774475, 6.7133465827057668] 0
[0.86771348463573794, 3.712245637133206, -15.178538397979169, -2.5023313908636813] 0
[-16.038216900886432, 4.2663493690792471, 8.4384272474819415, -1.3692089573743145] 0
[19.537574381376611, -0.27004085988304927, -13.627064756866101, 2.5668273094540757] 1
[12.685860839302419, -6.3574513819874126, -3.9576077542519097, 1.1496633928815028] 1
[1.8260808051016402, 51.758696191084681, 2.9276181350980952, -8.5172706185127556] 1
[-2.9748322723857532, -48.933167537497816, 10.794392331340209, 5.7002980421340075] 1
[14.138476375924688, -6.2206046481233681, -7.7150490308410378, 2.7115077586915257] 1
[-3.1688801738917194, 3.8194814829102519, 16.159302959478172, -1.7482108727226238] 1
[4.2865553564837144, -8.096271532347167, -3.1978402845846303, 3.8870364203742973] 1
[21.377379586495817, 10.955028000050424, -3.6603260245895211, -2.0146582452462818] 1
[-11.334076547713096, -39.592973478791791, 12.863151993866376, 8.9942680493154779] 1
[9.2233448321840381, 4.3880997457634114, -16.134448618404981, 11.124229689482735] 1
[-12.138885544027417, 36.502711882404832, -0.76133863640027943, -7.1319333026424028] 1
[6.0661354423652663, -24.929972062861459, -0.12139899814654731, 7.8962777881024238] 1
[19.916837028067867, 16.473022913239944, -18.265793729502725, -11.493092111089883] 1
[6.798639339380518, -5.2977207947277964, 1.8891152673884639, 21.943213956694034] 1
[1.9726877327385082, 7.7905537506649134, -9.1783379842738722, 9.4723405525266671] 1
[-8.8567643998931445, 16.521892493417059, 5.7525801333679887, -6.0597998342789001] 1
[-11.881893242539666, -30.786640434855371, 17.411810327839937, 10.785025053818613] 1
[3.6128641064531708, -6.3395749739178608, 1.1142328099212202, 13.004004908626737] 1
[6.0006333009852515, 26.413458078384011, 4.2357743864872086, 7.8849490551417549] 1
[6.07827517918538, 5.0324987794585514, 7.9033205740583972, 5.283110553346952] 1
[9.7677328778033896, 1.4084665207657707, -2.9172444935954989, 7.3452222027117333] 2
[-6.9030075201347376, 17.68643400733648, -18.388678113410577, -13.688459456200619] 2
[5.8895799859415003, 7.5112726135743353, -25.000497472628975, 0.031565416883725606] 2
[0.31801080131840909, -5.9077850788689297, -39.385198436848007, 16.957051158876144] 2
[15.372937237173151, -14.815651155478825, -19.853059994059141, 12.904414769757318] 2
[-0.16071994448965832, -2.2659380945174155, 6.2339459263703381, 6.0386724140223427] 2
[11.61077320583014, -19.159895845616091, 26.767974120035571, 3.6020624580453973] 2
[0.52772186902107876, -2.6981073235460618, 28.343618240147027, 4.3523579402121602] 2
[4.4961619953876992, 3.9370203575070128, 6.2513720715967755, 1.0708832840566953] 2
[-8.8618538349297076, 12.469918418407143, 8.0839300826901663, -8.6435469211736233] 2
[-4.7340013481038632, 28.740016871842702, -22.843747800046735, -18.692738567265575] 2
[8.6475260985119622, -21.431462512243556, -30.322986087622567, 0.078277627035434838] 2
[-6.3088936926736343, -10.61826259914705, -21.927207026324965, -3.0418374425948715] 2
[4.3130059222018842, -10.151074350195811, 9.1586834829866639, 4.343049151203255] 2
[-9.977392784340541, 7.715607684560192, 13.024672050619778, -14.551616945079719] 2
[4.8528751452905841, -11.793292108107092, 21.012858472016042, 5.8384467416515893] 2
[-7.3976613356858802, -2.8407247430202416, 17.631285533228514, 10.33628345566262] 2
[11.869548016643007, 2.0767987799713219, -3.6506664084907565, 0.24834434260285643] 2
[-5.0232410456294474, 17.393693110217651, -2.0492787204043434, -16.165889239505379] 2
[3.3512368293401229, -0.88837037474342062, -18.927645020346237, -7.4757587266282854] 2
[11.514596259824371, 4.6252161486466932, -25.518279373354439, -14.746112988541046] 3
[8.9935955630008237, 3.3902006718627247, 3.0204253473588412, 5.0660163194799877] 3
[1.5975319621022468, 8.7957340114864628, 13.070914308990812, 15.78759861298912] 3
[-3.0473981947649174, -9.1395650910510664, 6.174920336007597, 24.309046292223975] 3
[-6.9652026651741163, -4.9480664480414056, 9.6428468883566367, 14.961193405674164] 3
[0.054061650765564018, -1.3358438611805235, 2.670545944772599, 12.493167000396809] 3
[4.6647591191300553, -0.20934717429253435, 6.883862984211973, 12.437698907141002] 3
[-3.4988585701917874, 1.5402014315549797, -2.7170162415711636, 8.2666125902984824] 3
[-7.7462284164156063, 1.6134441274667988, 3.9242636038927667, -1.0089493442514557] 3
[5.5599168777465762, 5.2264161993339826, 2.9236529989228521, 5.9110371365606555] 3
[4.9021844042669311, -4.5189740831253484, -2.6486822024013525, -5.7127693506609472] 3
[-1.077158003846342, -14.288120405185188, 0.038659004030877853, -3.5853910499566894] 3
[7.5274247315147447, -1.5207637460967203, -9.6632786555182264, -3.7503144889205746] 3
[8.0289349492712248, 11.570222712381335, 1.9780027082759419, -4.0448247094558374] 3
[-4.0004374334861152, -8.8114399781437758, 1.0656939616293153, -10.224816976179968] 3
[-2.2778813262766366, -10.572241847297391, -7.6326066320713828, -6.1504985079368097] 3
[11.54601158469027, 4.2626760229770424, -10.246180030409292, -3.3976213323351301] 3
[-13.345832245187168, 3.2221077697355387, -9.9194926836165038, -6.5939796117802558] 3
[7.3885743614635215, 4.2899000275597245, -1.0668767011928191, -1.4360791184929391] 3
[2.3824755181788708, 5.6534169444110072, 2.9419842323061687, -5.0080435715032401] 3


[-3.8906439138275011, -0.64403952801956166, 5.0615000004929449, 0.73555853789243519] 0
[-3.2086387557566427, 6.3686711609533697, 4.517974410916672, 5.1884742040742893] 0
[7.3450879241198921, 9.9023452582165454, 1.2551161879554975, -19.675578865566798] 0
[10.912613815750353, 1.9851489949230299, -8.3124063735691429, -0.69091314838310725] 0
[-8.7235839304219809, -1.5421850028534121, 16.212371305351596, 2.2924518672588938] 0
[3.0579253462364067, -1.3037528826400133, 5.8397687878874613, -1.7479113445488643] 0
[-3.7229497409170635, -0.044041194247323778, 7.8266375134156601, 6.5213771990833163] 0
[5.2889903582974265, -5.8769713214006245, 7.1059609228207927, -0.5120360703875414] 0
[-4.2916585252916519, 0.32792883438006015, -0.1848198286633409, 2.6450858448973444] 0
[-5.9334532199866121, 8.7965742576319244, -0.086303107265587431, -3.8760986838223612] 0
[-3.4635985045684499, 5.4163592587601981, -6.2538985912357479, 3.4525416026260274] 0
[17.038637283402274, 1.7757972474259263, -4.4804112643664373, 10.334135575533663] 0
[9.0718852602397426, -1.1900192850239315, 10.622272124679228, 9.9622266845110659] 0
[-5.809021001280076, -16.760933807071012, 7.0234127175628602, 10.211999962367216] 0
[0.1115819658924293, -6.9237287203258973, 3.9744869002866681, -0.33443793474950922] 0
[7.9491252686024065, 1.6370933869745974, -9.9813661140945484, -4.2862296445411694] 0
[6.0141430323695522, 2.014836630232864, -4.5887658576813406, 1.3407069990675557] 0
[2.471576472711293, 2.7151228891706047, -3.3030702306654875, 4.4239713491019925] 0
[0.66394813218062598, 3.4696916557488287, -7.0417729400176112, -3.2730488001908897] 1
[-3.3271350156796009, 2.3094703384802195, -6.9924078917553452, -7.4306883298099056] 1
[11.852475102729807, -0.81670455684237186, -6.6409314172392087, -6.8104396731131764] 1
[2.9816858313753873, 1.097777009002991, -0.74356700947470189, 2.4934873574265009] 1
[-2.5728863204914081, 14.240220883915704, 0.28275549501140107, 10.908124810211294] 1
[7.8205995782915227, -3.002828134025989, 2.4705790413300166, 4.0632552671950268] 1
[-6.2160748971962523, 5.8914494784182736, 6.7451590854187149, 11.185015471774244] 1
[-4.2625566936271486, -3.3552750860858431, 10.902817365986003, 4.4539839930980216] 1
[1.965905076304284, 10.756417916556192, 0.22159763268733579, 7.7869663950895642] 1
[4.3289867115778664, 0.10008564488894667, 6.0562283721567782, 11.322755525974125] 1
[5.7316936296416561, 0.34603963660243997, -0.84232265098158221, 5.4918020031455193] 1
[11.516901819008895, -1.2050258400176741, -2.3687457007114991, 6.1426085999865148] 1
[-3.0468472457603375, -0.31470119337427827, -4.7689095278907221, 5.899508017029083] 1
[-2.8030598384756744, 0.96435757245812415, -0.21721066285636736, -2.098469723484143] 1
[6.1304096011328859, 4.7987820014294966, 2.2038363261988607, 2.3751971620745458] 1
[-4.6455295947927588, -6.7019583547866617, 4.5291548949067888, 5.0363923038002651] 1
[1.0493079840975326, -7.6538058869077883, 4.1734740886700044, 1.9251284557462207] 1
[6.8904946095298776, 3.5088465175659804, -7.4476231528099017, 10.840107248927675] 1
[-2.7983352333106888, -2.5656645151602593, 9.1157523542458776, 2.4281193452114227] 1
[2.3111700495014418, -8.1850279269406823, -1.4206919663714004, -3.1788632202011513] 1
[-2.3482048890405429, 2.4921904521599823, -7.9878453430514114, 8.3017626958116448] 2
[6.6663826655788982, 0.043577763915832568, -4.903795105688916, -4.805247104150717] 2
[-1.9234474856376131, -12.407595158980705, 9.2057775943371087, 16.529094849546443] 2
[-8.6767638019428848, 20.185804934434316, 5.000258736081105, -3.2344337751065413] 2
[-1.1086779654103045, -4.0475278577902243, 3.4590941950697962, -6.3679149838656404] 2
[-0.28981123343255244, 1.9044839640516771, 1.4696786531053023, -1.5373468739558556] 2
[8.3167326862477058, 15.682928727550534, -12.516225279175847, -16.586247168613561] 2
[9.1102600191416112, -7.4994837510947967, -0.80445685012980928, -3.5122767143802451] 2
[3.1821670230583079, -11.287340821572297, -2.9710128892996042, -5.9646539144918194] 2
[-1.9296475230969403, 2.0584600035355258, 8.139803388356448, 5.3476145241176818] 2
[-15.542085025750408, -4.1495539311706899, 21.592450704917471, -12.503626160779353] 2
[-13.012380284830227, 7.0529931647244464, -1.0962002677556237, -2.2540881674324185] 2
[16.232450346739078, 8.5701228838063166, -2.7098462136347488, 4.8813361641372524] 2
[-9.0394486058820327, -4.0230498732754372, -10.756967011958691, 3.7363438375754425] 2
[-1.2974732627659931, -2.9280511025418559, -9.5765511129828162, -4.4642411387158427] 2
[3.3589653670356308, -5.0958474486005159, -2.2392742622912314, 5.9972891794922578] 2
[-0.88901028690363182, -0.23991465500803844, 1.4519240045488782, -3.9007632719270946] 2
[2.1030046769288049, 10.290041862264633, 4.5401983761863862, -9.7229070910093149] 2
[-2.5160077165676742, -13.277592929495604, 14.58004590194486, -3.4316324617176361] 2
[-3.8929629335106002, -17.090709850759559, 13.371451939029409, 18.209926375620121] 2
[1.4711853674087054, 10.35085307314562, 5.1959542152988387, 0.25089535397250806] 3
[-0.9118312547272085, -8.7089767071374133, 7.2941003721086437, 5.4068032434434823] 3
[1.2036963103508995, 0.62699444687661954, -4.7911336209359972, 0.99067618872978658] 3
[-1.7712989092950244, 6.8810820962917258, 2.1147045145668235, 5.0662245108651973] 3
[-1.2933915483438252, -6.7410839696822178, 24.763041978530481, 10.979373657824469] 3
[-1.3535720996086553, 10.961972880399257, 6.4436337057873097, -1.6852768615246063] 3
[0.085769678643187325, -14.623832027306564, 0.50247706781694901, 2.1614260218340786] 3
[-14.540215278766002, 5.6118997065710978, 1.6551855499920336, -9.1309356390373555] 3
[0.39584902058128746, 2.8079588109169049, 3.6549814529940896, -1.4690320016387934] 3
[1.1581624806518422, 1.2403860979237116, -1.7768884888505858, -1.1158824338521072] 3
[2.9071272541213879, -2.5896998973421907, -3.2248052128472038, 10.818310192580606] 3
[2.2832443295784826, -5.3894329855582663, -3.4410932776081489, -3.3870506299399454] 3
[-0.94056016805745357, -0.83824844679247645, 7.756921475745667, 4.1353524418603351] 3
[-5.9927371028682721, 0.2465860786687436, 4.4050658512011394, 2.2835598689354324] 3
[-4.2874623470894315, -0.62422398665079748, 9.4018505816844815, 3.9916620563067804] 3
[-3.8599075141623169, 4.9508967429684079, 6.0985985308385553, -8.6909053927845115] 3
[4.767226913626553, 4.0610604342004653, 5.1950101187463522, -7.2840215123761158] 3
[-3.6549841425250227, -0.94859356089739832, 0.0075772231160708969, 1.1004709066216452] 3
[-0.67656186508528515, -4.052050531492867, -0.052702501743138175, 6.6097613566192575] 3
[-0.89250260782691115, 3.6182900036303511, 5.6697000686036896, -12.413875137019478] 3
[-2.3290510503185966, -0.5982460650922663, -4.0677450572301428, -9.540158420183813] 0
[8.119469991498784, -15.955847077199106, 8.9319392548412662, 8.8386384186532982] 0
[-2.4790866058440981, 0.52193352814371829, 3.5597554785255032, -1.2485397105088964] 0
[-9.5049052138178745, -4.0463172373303316, -10.051938877089853, -9.3324580826700476] 0
[7.3678350751009454, -8.4238926817758326, -5.0545737157901804, -2.3273032773938436] 0
[6.0044616889030316, 3.7144232025797703, -0.45436578365988223, 8.1721926736881265] 0
[6.2978502825993372, -8.8703947967454866, -6.3455539564088888, 1.1396192708936215] 0
[0.46446625770899441, 1.4437408349854033, 2.3885831021194397, -11.263739046710414] 0
[1.3331384624770748, 2.4991080540009074, -0.71120320065392684, -14.60168527624802] 0
[9.3365047840398603, 1.3766175024859981, -5.8402199405251949, -1.3524843414857284] 0
[5.242925411322517, -7.2621945752120132, 5.7843489524940104, 3.0648035368455111] 0
[-4.4104358107958159, 16.815864749958983, 7.9194034811979614, -6.8567107537233145] 0
[0.16714157561142962, 2.5406645805053021, -3.8440409461899252, -7.0951596861863795] 0
[12.98055849176227, -9.9826372856809087, 0.33018611692528155, 11.807628927080856] 0
[1.7069558122104556, -11.128585610485443, 2.9379575081592266, 1.406645207812308] 0
[-6.4089036138299553, 6.5719183389417717, -10.496461517637195, 0.69336728447399221] 0
[1.6921315864033297, -4.4213808687848131, -4.8202328883707057, -2.6967627173083146] 0
[4.0995369378809334, -7.0314379545520431, -1.5765812681861948, -0.4062851756206225] 0
[0.72008253529799526, 1.747997369687007, 5.5301396273561298, 0.74372247875229225] 0
[-2.3832723731446492, 2.796662104520419, 13.773148747140581, 1.4529745579718694] 0
[7.8348504253252012, 7.8063941721915864, 3.752356764420882, -5.8457501661085409] 1
[5.5578117209191404, -0.52798748861924372, 2.191583763465081, -1.4095488542101287] 1
[-2.5879294728168585, -5.9249341294884577, -1.7848066876062909, 2.5934883645813462] 1
[-7.3268434206521116, -6.5146740679896391, 6.6155802125466945, -0.15877096025392679] 1
[0.55847339630535142, -0.5332003727229111, -6.1575888763356419, 1.8660332680479474] 1
[3.9961131290165914, 6.780869486526508, 5.4556199333882871, 3.423518743021067] 1
[0.28499521176399045, 7.8620175431548045, -0.83158531934955171, -17.021308187525399] 1
[-3.1454523083849493, 0.81357327284202552, -4.6238423601454572, -14.160756627634484] 1
[-0.86727073280156652, -2.3840821143077982, -2.5208331454900215, -14.078473116976067] 1
[8.3981427571640452, -10.159916835762102, -6.7033982576705045, -1.1568680718603814] 1
[-4.1746662711898876, -5.6555717659646412, 8.1909016248977764, -1.00122340848786] 1
[2.5030875709389901, -8.668364211450335, 5.2211666268973023, -3.1531558409616678] 1
[-10.317695242073642, 6.1452989624249508, 0.60618618586273265, -6.3599536457655885] 1
[5.2389006089866479, 9.8184519983680545, -2.2854768045224474, 4.8315984623162072] 1
[3.8271850225910669, -6.7288077465684486, -1.4422373347573876, 9.6381755299524912] 1
[4.0397548012412248, 6.9654062536077896, 4.3519583244900506, -0.70634968508605622] 1
[-0.34170094251656757, 16.539135338654436, -11.474118009360243, 0.14256241711312978] 1
[-14.860730422917822, -4.4676725560204407, 5.7554456906563729, -4.4541321968667784] 1
[-5.8035520533688283, 7.06863507541087, -5.3655220022038241, 0.10035328066033156] 1
[6.6136661899956568, 2.3305918285109879, -4.727668311385826, -0.36285283937904533] 1
[-1.5492020619196243, 20.372630616358798, -3.0131881774484075, -7.5030907555779072] 2
[-0.53149158686601661, 4.2348511907282873, -7.6822763540802379, -6.977621191758212] 2
[-2.0919046450560819, -3.1713234072213945, -6.6170374909228187, -0.099199128515498947] 2
[5.4492048951683953, -6.8596308026666239, -0.30857645817215429, 1.9501427294331983] 2
[-3.0091350300562691, 6.1131631501940724, -8.8987462970323747, 1.2594533471984271] 2
[-0.85865635010405494, -7.424280385713681, 3.9885597245264273, -4.2974029833785012] 2
[1.3151797726112375, 2.217217982271646, 11.534014006737534, -5.4097358332605534] 2
[-1.0175501787047878, -3.8673632712994248, -0.10501630103599968, 10.023510511886952] 2
[5.7665497569690318, -1.3901091753403707, 1.7937568845657728, -3.4281823026754714] 2
[1.2231631715851805, 1.7700848886573342, 8.2875210934548527, 6.4931170119928936] 2
[-2.393756690991879, 1.7928688220593945, -4.4460404514051266, 1.9331803337443088] 2
[10.884828507412131, -5.93973194945419, -6.398785290499303, 8.311449349344544] 2
[1.7899794811655767, 1.4683378237392559, -12.885276050089148, -3.3387295713692238] 2
[-6.5363547240362383, 6.7969169642309684, -5.105530573956905, -9.5615407378751627] 2
[0.33830406731245999, -0.53880748756483099, 2.8297470127586313, -8.6037911455981106] 2
[-0.52108838265774127, -2.5312188800185309, 3.8867644431278632, -8.5942364488930174] 2
[0.90773043225632, 2.9515037853622093, 4.7797660555282544, -11.697338766050022] 2
[1.0498671444577514, 11.55506771765436, 5.8810938133221411, -14.866343571350633] 2
[8.4715611068562957, -8.2634668933028088, -2.2367542165358225, 8.0171867578760381] 2
[2.487490508974012, 8.0400217827909675, -9.7077759591079715, -1.9198159361879348] 2
[1.8304959583098241, 0.21693882072908743, -11.244223920105926, -5.2943691931687633] 3
[-2.67592939509698, 0.69279010639492, 1.0828034970841676, 1.3832698944261894] 3
[-0.5572221765269596, 3.1755849994048946, 4.4378071786926396, -4.7059556591260137] 3
[12.396093421251916, 0.25948715933857747, -10.719053258629971, -10.058544881335218] 3
[0.57369052390660369, 24.664315400530729, -2.3641524454389882, -8.5105804443258624] 3
[2.566067936355422, 1.6927396218680451, 6.2870160079701645, -3.7682362105756217] 3
[-0.77511816922009213, 0.31195890409266769, -7.009774671652778, -0.65973808067497242] 3
[-0.98834939542809752, -1.4322259468947829, -1.7217341422275179, 10.022159566759154] 3
[-11.930524988801356, 2.554145307957449, 4.5608274886344429, 1.2643342145557015] 3
[-6.0763586638019413, 3.6966577812947978, -3.3439567037953166, -7.508169352027628] 3
[18.661648782392888, -5.2356123416255373, -2.5946929878294069, 1.954951172104026] 3
[-1.3479382077198991, -6.270815810075117, -0.29730709913637976, 5.3935052849462126] 3
[-0.30423027358839883, -0.039481826959378186, 3.7879180932803536, -7.4307616927876348] 3
[3.4452881240566655, -5.2315549646436068, -9.5536640352496072, -7.0118427451121734] 3
[-0.053052210125231536, -13.870567599030045, 9.7903107084589625, 11.677974318195105] 3
[-1.8757831634199578, 8.0263966181085991, -2.493436131193453, 13.88387518891728] 3
[-3.116769705862291, 7.8765136521479135, -2.4186391452901663, 2.9060055437458931] 3
[-2.5486816577845355, 5.9362905103944001, 2.2870934626418222, 1.2936428485923686] 3
[1.5215736260020547, -3.124149256841215, 7.5852149715734303, -4.5277302756101179] 3
[-6.5338411595258359, 3.6696340054184207, 3.7545560238685436, 2.6177908428270484] 3
[Finished in 39.8s]